# Position (bp)	A	C	G	T	N
0.0	6.302316789976778	15.574877139925475	70.87001134092996	6.9719717016795375	0.28082302748825405
1.0	6.021493762488524	14.932224442404276	72.49014419182373	6.394124318194091	0.16201328508937732
2.0	7.418979029866554	15.028595636517686	71.4149544588011	6.110993433594578	0.026477441220080493
3.0	8.098865226177523	15.213223483082025	70.49588061557593	6.057308668842945	0.13472200632157108
4.0	8.967885275701878	15.491819834376894	69.24358715411027	6.276509796000808	0.020197939810139363
5.0	10.175594357304922	15.941600078918814	68.0378810298905	5.839992108118773	0.0049324257669922066
6.0	11.356953482766933	15.671246083393589	66.97999517956134	5.991805254278139	0.0
7.0	12.221328158280873	15.780754484782506	65.79732096369575	6.200596393240876	0.0
8.0	13.452580585056829	15.297186510154647	65.15744363704118	6.088131171976896	0.004658095770449041
9.0	14.531487188923133	14.770688624131745	64.52458714752288	6.1732370394222364	0.0
10.0	15.407346790325512	14.657210401891252	63.84797235861066	6.0829241680305515	0.004546281142025823
11.0	16.26535847697916	14.240064809397362	63.45020027904046	6.044376434583015	0.0
12.0	16.750545584109027	14.265354295639781	62.96263305571639	6.021467064534805	0.0
13.0	17.30048913761953	14.132111223725378	62.279116908297716	6.28828273035738	0.0
14.0	17.893173778224224	14.028038607677862	61.881469188103246	6.197318425994672	0.0
15.0	18.078704705831424	13.935668210745053	61.58275250010823	6.247023680678817	0.15585090263647777
16.0	18.787566546453718	13.772969259831703	61.60484286450283	5.834621329211746	0.0
17.0	19.462887299965953	13.508682328907048	61.01038474633981	5.983997276132107	0.034048348655090224
18.0	19.497360084477297	13.491024287222809	61.824709609292505	5.186906019007392	0.0
19.0	19.643906945494248	13.521457965902412	62.05593348450491	4.77870160409843	0.0
20.0	20.13526489375026	13.146578716653446	62.610111468292075	4.108044921304221	0.0
21.0	20.15584632052671	13.392782731894323	62.713559463288604	3.737811484290358	0.0
22.0	20.57285180572852	13.300124533001245	62.93067662930677	3.1963470319634704	0.0
23.0	21.13881652400447	12.934706198569243	62.89542240416822	2.915271058181367	0.11578381507670676
24.0	21.097932624989703	13.042582983279797	63.545012766658424	2.31035334815913	0.004118276912939626
25.0	20.97508926006484	13.07916444371486	63.725530430500264	2.2038002216111954	0.016415644108835722
26.0	21.26084110620193	12.849779086892488	63.721158566519385	2.1559482899689084	0.012272950417280314
27.0	21.707894522001798	11.845864968568863	64.10319209731406	2.3430484121152744	0.0
28.0	22.2050321635046	11.017018158130446	64.17229867274652	2.4916537741226286	0.11399723149580653
29.0	23.10161296875635	9.401535773778084	64.34810872303255	3.136553853654573	0.012188680778450412
30.0	22.745431364215897	8.52953676158096	65.945601359966	2.732681682957926	0.04674883127921802
31.0	22.86524571276643	7.82558603270262	66.56622501883281	2.7252182390215802	0.017724996676563125
32.0	22.967658353768567	6.944894276592792	67.39462360616297	2.6881969185212604	0.004626844954425577
33.0	22.731881608806916	6.296171116797837	68.33083868475688	2.6362802375549226	0.004828352083433924
34.0	22.50510687060934	5.560261073190175	69.1644661451846	2.7452543470679087	0.024911563947984654
35.0	21.4293059125964	5.305912596401028	70.45244215938304	2.7557840616966582	0.05655526992287918
36.0	20.726597719437816	4.900556881463803	71.67329620790241	2.5669583664810394	0.13259082471492972
37.0	19.904876448720753	4.515635250382681	72.80778482396676	2.7717034769298055	0.0
38.0	18.74019278188747	4.326384218785026	74.27146379735485	2.661959201972652	0.0
39.0	17.523885805824133	4.027690371302707	75.93111734080897	2.5173064820641913	0.0
40.0	16.24847179367759	4.150899458578332	76.96338126564592	2.6372474820981546	0.0
41.0	15.593400745077169	4.003311454083141	78.03205014487612	2.371237655963574	0.0
42.0	14.672185231839721	3.8270049787055367	79.09543518685142	2.4053746026033234	0.0
43.0	13.457909793657558	3.9138109440623285	80.01095623592428	2.6173230263558342	0.0
44.0	12.462944664031621	3.921689723320158	81.20059288537549	2.3962450592885376	0.01852766798418972
45.0	11.405918341865402	3.889374453739543	82.15132975402672	2.5533774503683357	0.0
46.0	10.622364860612926	4.109244226291612	82.77641432257252	2.4919765905229374	0.0
47.0	10.096581522429787	3.837844707078409	83.51760071165333	2.54797305883848	0.0
48.0	9.225731895223422	3.6594761171032357	84.55957883923986	2.5552131484334875	0.0
49.0	8.481505515898768	3.7508111615833872	85.29526281635302	2.472420506164828	0.0
50.0	7.777560466784014	3.6964600039115982	85.85305430601734	2.672925223287046	0.0
51.0	7.098299297393132	3.703460502987721	86.5979381443299	2.6003020552892506	0.0
52.0	6.652162447257385	3.57331223628692	86.80775316455697	2.9667721518987342	0.0
53.0	6.335346638655462	3.3482142857142856	86.85005252100841	3.466386554621849	0.0
54.0	5.756719458500362	3.101794046132615	88.13826641256489	3.0032200828021294	0.0
55.0	5.358895504809265	3.108028528430282	88.43813387423936	3.088398874566512	0.006543217954590067
56.0	5.208670333225494	2.8275638951795536	89.0909090909091	2.8728566806858624	0.0
57.0	4.881165346281626	2.8941988244313825	89.39432660362893	2.830309225658063	0.0
58.0	4.983912686896725	2.9966563623746136	89.67888461295817	2.3405463377704874	0.0
59.0	4.600938967136151	2.5226917057902973	90.5226917057903	2.3536776212832553	0.0
60.0	4.626819448745742	2.520904304738309	90.5543511923196	2.2917311861257357	0.006193868070610096
61.0	4.139952372229346	2.399706906026745	91.17054405568786	2.2897966660560543	0.0
62.0	4.572718094898747	2.2150959083080943	90.90801116455847	2.3041748322346933	0.0
63.0	4.069467530234424	2.132171720066487	91.44838654209893	2.3385109187825988	0.011463288817561758
64.0	4.348548637270109	2.1659649900288054	91.28074451584311	2.2047418568579658	0.0
65.0	4.6423751686909585	1.9109311740890689	91.4493927125506	1.98110661268556	0.016194331983805668
66.0	4.068899317406143	1.8238054607508534	92.23549488054607	1.8718003412969284	0.0
67.0	3.7504602598495604	1.7095365840828995	92.59902161906265	1.940981537004892	0.0
68.0	2.6734366095020983	1.7615667581990573	93.87596497590799	1.6890316563908607	0.0
69.0	2.0608090959849754	1.68519364499264	94.50789300035531	1.746104258667073	0.0
70.0	1.9499447180621168	1.7539451201125742	94.54216504171274	1.7539451201125742	0.0
71.0	1.8191813683842273	1.639262331950622	94.72237493128092	1.6892398420710681	0.12994152631315906
72.0	1.8039567449045695	1.6345243434494443	94.82234514376837	1.7391737678776098	0.0
73.0	1.9139230464101546	1.799880999603332	94.41689805632686	1.8692978976596588	0.0
74.0	2.2761834682364483	1.6384596517046848	94.2457689477557	1.839587932303164	0.0
75.0	1.9230769230769231	1.6239316239316242	94.62013295346628	1.832858499525166	0.0
76.0	2.0514997170345217	1.5468779475570646	94.538766270515	1.8628560648934163	0.0
77.0	2.042061778236785	1.60078865834194	94.53102995023941	1.826119613181861	0.0
78.0	2.0814818279620186	1.5763132045465176	94.41975770616024	1.922447261331213	0.0
79.0	2.088372093023256	1.5767441860465117	94.37674418604651	1.9534883720930232	0.004651162790697674
80.0	1.8712747770641778	1.6125306103590076	94.52478861525665	1.9914059973201497	0.0
81.0	2.481651376146789	1.5779816513761469	93.88990825688074	2.05045871559633	0.0
82.0	2.464084378977996	1.6321149299872704	93.72613202400436	2.0458265139116203	0.13184215311874886
83.0	2.604634453026765	1.4954194359619184	93.73091431650799	1.993892581282558	0.17513921322076523
84.0	2.6586773191300486	1.3892587660896583	93.79494007989348	2.157123834886818	0.0
85.0	2.6674258683369105	1.5286233629713986	93.47378564232841	2.0936446060181333	0.23652052034514476
86.0	2.68343271973036	1.6204303863106042	93.55284763633222	2.143289257626826	0.0
87.0	2.734224804545649	1.5679070363566454	93.33532703891998	2.362541120177725	0.0
88.0	2.795581042334289	1.6824085005903187	92.89930848372407	2.622701973351324	0.0
89.0	3.0318153462258266	1.6885007278020379	92.50571844458307	2.773965481389062	0.0
90.0	3.1108389467238213	1.7350479689732599	92.17391304347827	2.9802000408246583	0.0
91.0	3.146220918551854	1.7720094828625386	91.92751235584844	3.154257242737172	0.0
92.0	3.2560161220215753	1.9046113723475717	91.09732485083178	3.7420476547990673	0.0
93.0	3.2667313288069835	1.7769156159068864	90.76624636275461	4.190106692531523	0.0
94.0	3.3665787764148423	1.8342313424280636	90.01490312965723	4.784286751499867	0.0
95.0	3.3228676085818942	1.9324213201764224	89.23151678253718	5.374897211631906	0.13829707707258726
96.0	3.315281030444965	1.8406030444964872	88.91612997658079	5.927985948477752	0.0
97.0	3.443328550932568	2.0695839311334288	88.07030129124821	6.416786226685796	0.0
98.0	3.4318365057664666	2.204928664072633	87.3418165246959	7.021418305464998	0.0
99.0	3.447446208840311	2.436928576338764	86.68797690245411	7.427648312366811	0.0
100.0	3.7123047926763597	2.2078621432417878	86.07633279483036	8.00350026925148	0.0
101.0	3.4332640744038785	2.1305365918010617	85.77553510768115	8.660664226113916	0.0
102.0	3.531760084994044	2.0958758571842506	85.04233604842085	9.330028009400856	0.0
103.0	3.72651291396971	2.1523282850499594	84.2487274555395	9.866147175265507	0.006284170175328349
104.0	3.643475314915766	2.011149096060858	84.04324124549571	10.302134343527673	0.0
105.0	3.5344723859944653	2.0545060762844423	83.66020936108771	10.750812176633378	0.0
106.0	3.40959279215617	1.975679415834879	82.67231987751377	11.276977887701323	0.665430026793864
107.0	3.3026202130722715	1.9234091563489777	83.07803052116326	11.690181399366542	0.005758710048949035
108.0	3.2398929426679817	1.7608113818847724	82.63980842372165	12.359487251725595	0.0
109.0	3.2434221413205364	1.8368360086049977	82.12808207843786	12.791659771636605	0.0
110.0	3.0665406937508433	1.8814954784721287	81.760021595357	13.291942232420029	0.0
111.0	2.94063202432897	1.9145841597249766	81.3248710829036	13.819912733042445	0.0
112.0	3.06452866357537	1.893635209698728	80.34090614719064	14.700929979535267	0.0
113.0	3.073884640704917	1.8635742138046287	79.99949359396365	15.01493897807262	0.04810857345419558
114.0	2.9391356066613796	1.9379460745440127	79.87212529738304	15.188838223632036	0.06195479777954004
115.0	2.8661646830216174	1.9698809812970608	79.48263298518339	15.248967694923488	0.4323536555744474
116.0	2.8643479088357044	1.8603987248417948	79.44759004615311	15.55645429890089	0.27120902126849694
117.0	2.828009426698089	1.9156730522435075	79.33826446088153	15.645052150173832	0.27300091000303334
118.0	2.908200622368662	1.8922753066080908	79.73869668680213	15.460827384221124	0.0
119.0	2.908919640253886	1.724717967120461	80.11528023863458	15.251082153991074	0.0
120.0	3.130155517916456	1.7685488660610194	80.14561932205628	14.955676293966258	0.0
121.0	2.9853965788735737	1.8033175866606268	80.23037597877435	14.980909855691452	0.0
122.0	2.2659523912386055	1.6136000345617143	81.4209184775565	14.699529096643193	0.0
123.0	2.1599394004977817	1.3764744075316524	82.11232550589763	14.351260686072937	0.0
124.0	1.9553012074310114	1.385185666905118	81.99475406993129	14.09897899460233	0.5657800611302595
125.0	1.9396177237185057	1.3140747176368377	83.02562988705473	13.720677671589923	0.0
126.0	1.9040149881271378	1.2461059190031152	83.43899091562643	13.410888177243319	0.0
127.0	1.636403412819952	1.3191861737037847	83.48720192518049	13.189674031940493	0.3675344563552833
128.0	1.8300452568214771	1.2456610571641986	84.00852410035591	12.91576958565842	0.0
129.0	1.601679001435988	1.2106484038440297	84.76527118082403	12.422401413895946	0.0
130.0	1.6144792360648457	1.281367976904286	84.79680213191206	12.30735065511881	0.0
131.0	1.594746716697936	1.2239792727597607	85.40605735727686	11.775216653265435	0.0
132.0	1.661831837909555	1.1581101441453598	85.77885718140728	11.38770829116913	0.013492545368683804
133.0	1.5889206219683576	1.1174577270048507	86.30264291219004	10.988712090303277	0.002266648533478399
134.0	1.507468822803892	0.9958430405189347	87.0174957745192	10.479192362157965	0.0
135.0	1.3774675788358326	0.9259899108561951	87.81010296454978	9.8818326307788	0.004606914979384056
136.0	1.3664567404894146	0.8830842880713905	88.23406381445935	9.51639515697985	0.0
137.0	1.34923051697079	0.8338994167388911	88.83839685179547	8.978473214494858	0.0
138.0	1.2531032036883791	0.8180636008984514	89.39354533632817	8.535287859084999	0.0
139.0	1.274706387854483	0.8139978993602597	89.88350997803877	8.027785734746491	0.0
140.0	1.3028687239124666	0.6827997201244963	90.27915168769755	7.5614640384105	0.17371582985499553
141.0	1.17457449146541	0.6544406729994383	91.11865400112329	7.052330834411859	0.0
142.0	1.121707763008351	0.6868607006967435	91.56495527993279	6.5375302663438255	0.08894599001828335
143.0	1.1306784070442266	0.5428256954172503	92.2028216930158	6.123674204522714	0.0
144.0	1.0795468944020679	0.5169661184460607	92.75487189883683	5.648615088315045	0.0
145.0	1.0169491525423728	0.5521314843348741	93.38726245505906	5.043656908063688	0.0
146.0	1.05934974235568	0.4420496455755801	93.91593209698935	4.506813842169967	0.07585467290941905
147.0	0.8194322505121452	0.3671482161385585	94.82001755926251	3.9880809854470964	0.005320988639689254
148.0	0.8070393262976058	0.3778779454236282	95.46276552673486	3.3523172015439013	0.0
149.0	0.8234043133298797	0.32718052185293234	95.8720724159555	2.7646754096572783	0.21266733920440603
150.0	0.9324644872808572	0.38716361752596995	95.733020694168	2.9473512010251657	0.0
